100 individuos 

Geracao 0: 0 0 0 0 0 0 0 0 0 0 0 0 0 0 0 0 0 0 0 0 0 0 0 0 0 0 0 0 0 0 0 0 0 0 0 0 0 0 0 0 0 0 0 0 0 0 0 0 0 0 0 0 0 0 0 0 0 0 0 0 0 0 0 0 0 0 0 0 0 0 0 0 0 0 0 0 0 0 0 0 0 0 0 0 0 0 0 0 0 0 0 0 0 0 0 0 0 0 0 0
Geracao 1: 2688 1763 1448 1442 1191 1075 1048 1046 1014 881 605 568 463 455 417 400 388 360 333 325 319 315 314 303 302 302 300 295 293 291 287 281 280 280 277 275 274 273 272 271 265 264 260 260 256 256 249 245 245 243 243 243 239 239 239 227 225 224 218 217 209 207 206 200 197 197 196 195 194 0 0 0 0 0 0 0 0 0 0 0 0 0 0 0 0 0 0 0 0 0 0 0 0 0 0 0 0 0 0 0
Geracao 2: 7098 6785 6397 6353 6344 6316 6295 6006 5995 5955 5934 5924 5882 5823 5767 5758 5635 5574 5462 5460 5377 5334 5325 5254 5182 5058 4869 4848 4769 4696 4615 4601 4592 4540 4512 4369 4222 3953 3805 3478 3462 3426 2947 2905 2872 2863 2830 2688 2688 2688 2688 2688 2688 2688 2688 2688 2688 2688 2341 2275 2263 2216 2093 2050 1988 1981 1931 1927 1911 1854 1831 1831 1831 1786 1722 1713 1712 1701 1674 1654 1429 1394 1360 1236 1227 1201 1179 1123 871 846 741 734 661 628 602 570 402 257 257 229
Geracao 3: 11572 11042 11005 10734 10659 10380 10362 10348 10176 9919 9848 9701 9634 9620 9600 9485 9431 9419 9136 9105 9070 8963 8803 8758 8729 8691 8646 8607 8585 8490 8395 8386 8352 8254 8226 8225 8212 8188 8052 7904 7897 7691 7480 7376 7119 7105 7095 7095 6938 6758 6727 6723 6710 6526 6493 6293 5864 5749 5589 5233 5063 5026 4986 4986 4901 4745 4745 4531 4309 4309 4198 3814 3772 3569 3566 3402 3326 3001 2904 2383 2229 2072 1943 1902 1824 1787 1733 1470 1466 1215 1206 1184 1082 1047 1042 643 602 572 497 477
Geracao 4: 18087 16646 16278 16050 15994 13958 13909 13437 12983 12896 12790 12671 12648 12517 12510 12462 12409 12176 12036 11933 11867 11809 11659 11518 11485 11339 11211 11191 10987 10825 10740 10711 10423 10363 10168 9431 9428 9285 9037 9029 9029 8996 8969 8966 8578 8557 8463 8454 8400 8018 7987 7952 7738 7649 7640 7566 7566 7566 7306 7251 7006 6975 6917 6749 6749 6749 6598 6512 6509 6269 6269 6269 6269 6269 6081 5569 5548 5295 5237 5189 5154 5098 5007 4926 4175 3946 3869 3838 3729 3727 3704 3398 2783 2703 2638 2042 2042 1671 1105 984
Geracao 5: 29220 23396 21908 21662 20009 19690 19253 19087 18445 18087 17577 16943 16579 16510 16402 15961 15847 15831 15754 14946 14906 14737 14714 14353 14091 14032 13970 13875 13706 13290 13212 13142 12750 12434 12333 12262 12175 12172 12150 11973 11537 11287 10968 10958 10564 10471 10024 9959 9799 9726 9679 9593 9428 9406 9324 9317 9303 9105 8995 8989 8947 8371 7738 7359 6510 6475 6475 6471 6445 5994 5892 5878 5805 5453 5223 5109 5059 4882 4719 4470 4433 4308 4237 4209 4158 4144 4137 4124 3849 3523 3299 3180 2986 2921 2834 2626 2521 2020 1967 1647
Geracao 6: 445434 76911 37361 36706 35926 35682 34110 34026 33804 33433 32078 31988 31242 29220 29220 29123 28689 27730 27051 26938 25085 24897 24666 24593 24308 24201 24023 22559 21728 20780 19989 19712 19680 19638 19596 19222 19210 18371 18171 17780 17685 17084 16983 16829 16438 15895 15895 15716 15620 15591 14935 14874 14724 14697 14506 13957 13722 13421 12969 12861 12687 12277 12050 11773 11625 10876 10863 10166 10062 9733 9551 8452 7789 7526 7334 6900 6550 5775 5720 5688 5688 5673 5635 5546 5391 5229 5049 4695 4501 4203 4196 4137 3939 3722 3622 3552 3500 3278 3278 3207
Geracao 7: 494901 482829 472732 467835 467755 467688 467622 467524 467449 467445 467433 467280 467271 467185 467180 467171 467124 467118 467108 467094 467081 467062 467024 466982 466893 466806 466804 466657 466640 466502 466318 466256 465991 465925 465429 464523 445906 445893 445893 445861 445753 445687 445457 445438 445434 445434 445434 445434 445434 445434 445434 445434 445434 445434 445434 445434 445434 445434 445430 445412 445363 445349 445272 445231 443902 435244 421297 402019 389211 363513 287826 37361 35221 32352 31455 29936 29220 29220 29220 29220 29220 29220 29220 26574 24191 22314 17269 17171 15318 13358 12852 12792 12742 10023 8220 6107 5954 5842 4787 3979
Geracao 8: 517966 517528 517368 517354 517326 517319 517306 517236 517207 517171 517141 517141 517086 517081 517054 516925 516860 516762 516693 516128 515852 515823 515734 505739 505407 505246 504742 495515 495234 495198 495136 495136 495090 494970 494924 494901 494901 494901 494901 494901 494901 494901 494885 494828 494657 494657 494188 493745 491448 489432 489179 489143 488824 488790 488714 488676 486635 483387 483348 483086 483016 483015 483015 482453 482322 473524 473523 473487 472627 467373 467050 467040 467039 460658 456398 448191 434408 428987 428154 421854 399308 399263 392223 350900 328801 297163 277019 23898 21342 11967 9403 6682 6361 6225 6102 5234 5234 5234 5182 1816
Geracao 9: 579869 540738 540661 540463 540423 540398 540353 540345 540329 540320 540314 540309 540301 540298 540265 540242 540241 540226 540178 540161 540139 540096 540088 539968 539919 539883 539858 539804 539715 539594 539408 539406 539406 539137 538591 538547 538465 538362 538058 537924 518503 517982 517980 517966 517966 517966 517966 517952 517944 517944 517944 517941 517913 517913 517901 517897 517892 517868 517569 517550 517539 517528 517528 517314 517295 517245 517220 517136 517082 516934 516699 516624 516624 516269 515057 495996 495733 495708 495691 495351 495269 494892 494835 476163 250637 171554 21567 20157 18196 17859 16543 15609 15569 15250 14392 13193 13101 10798 9205 3762
Geracao 10: 615850 605971 604004 603835 603595 603524 602588 602450 601998 601668 601630 601452 601305 581779 580709 580698 580419 580419 580417 580407 580289 580260 580066 580044 579800 579060 568087 565797 562792 562633 562606 562529 562524 562414 562325 562200 562160 562145 561650 561386 560650 560431 559772 559595 559079 558820 558055 556845 551683 540684 540399 540284 539482 539452 538284 538084 538084 538084 537594 537484 521580 520705 518212 517628 517436 515097 512335 506268 500273 495347 492984 489576 484180 482168 473664 453515 452904 449110 447098 412640 381918 248025 39527 18997 18997 16644 9040 7848 7427 7199 6979 6587 6394 4657 4497 4202 2998 2997 2674 2603
Geracao 11: 640525 640523 639483 639452 639385 639333 639274 639091 638958 638869 638831 638756 638742 638705 638680 638671 638619 638376 638328 637804 637518 637360 636707 636419 636354 626965 625888 617097 617004 616998 616889 616826 616804 616753 616566 616535 616489 616194 616168 616094 616094 616082 615878 615638 615604 615248 615133 615133 615133 615052 614863 614836 614762 614539 614410 613647 613485 603498 603301 603196 603181 603067 603034 603002 602712 602542 602542 596257 593250 593068 592212 591947 584287 559743 555197 553731 539916 537994 537925 537057 515401 507104 505715 503432 494245 481293 457185 451410 438959 427006 421379 410980 36757 17196 14760 11496 10911 8286 7323 5629
Geracao 12: 1803362 672325 664510 663355 662805 662278 662148 662110 662065 661942 661748 661583 661559 661238 661208 661204 661161 661002 660838 660123 659529 659084 642713 639779 639541 639487 639362 639350 639299 639292 639221 639065 639014 639008 639006 638913 638645 638628 638533 638469 638461 638384 638358 638255 638249 638210 638100 637888 637685 637685 637616 637566 637456 637420 637221 636996 636510 634681 634231 616489 616436 616318 616203 615770 614905 614825 609313 606230 605714 604666 603949 600458 584055 583089 582952 582687 582586 582510 581807 562554 531027 530769 529229 527047 430806 27321 17906 17906 16734 14446 12354 9424 8789 8292 7221 6529 5361 4513 4477 2869
Geracao 13: 3652998 3585535 3292367 3141367 3116403 3114684 3101298 3053463 3030612 2880944 2880944 2796391 2743351 2617655 2607656 2597419 2522621 2322671 2271694 2266915 2241000 2216832 2211263 2205482 2146010 2144846 2116598 2089789 2004217 1934439 1929622 1914639 1880856 1870062 1866921 1866326 1803362 1803362 1803362 1699455 1681867 1677940 1668811 1644442 1578931 1577797 1540463 1476025 1450851 1371607 1366591 1338070 1320598 1272847 1256765 1183991 1068240 1059080 1035253 1026961 925635 803650 790838 662132 660649 660362 640019 640019 639957 639415 639017 638346 638180 637741 618438 615992 601399 494761 466547 345909 311463 239950 170871 168009 70377 58979 51594 34231 30039 25181 14957 13242 12718 10219 10089 10089 6467 5838 5792 3983
Geracao 14: 4243315 3708908 3652998 3556073 3553277 3477002 3394797 3272049 3082196 3052976 3051134 3014070 2966669 2932096 2880944 2880944 2880944 2857122 2803263 2801211 2798208 2795684 2774544 2766995 2765911 2746238 2648230 2634616 2554353 2529845 2529763 2471159 2359657 2267606 2243124 2238678 2210869 2164339 2111204 2082395 2007376 1973444 1898557 1889350 1803362 1789038 1786233 1754425 1743546 1483970 1482675 1480692 1448074 1425136 1400245 1185299 1084757 662826 661735 661482 661279 661232 659340 651367 647820 638970 638411 638329 638114 637744 637595 637450 637326 636583 634986 618707 615874 615709 613837 604351 582638 581740 565012 540575 511506 380334 24942 21821 19253 19004 16810 15115 11902 10163 10163 10001 9331 8434 5645 3261