100 individuos 

Geracao 0: 2 2 2 2 2 2 2 2 2 2 2 2 2 2 2 2 2 2 2 2 2 2 2 2 2 2 2 2 2 2 2 2 2 2 2 2 2 2 2 2 2 2 2 2 2 2 2 2 2 2 2 2 2 2 2 2 2 2 2 2 2 2 2 2 2 2 2 2 2 2 2 2 2 2 2 2 2 2 2 2 2 2 2 2 2 2 2 2 2 2 2 2 2 2 2 2 2 2 2 2
Geracao 1: 1141 1081 784 625 211 203 190 183 174 174 171 165 164 161 160 149 146 145 144 137 133 131 131 127 126 121 118 111 108 100 84 84 80 68 65 54 51 49 47 41 34 34 2 2 2 2 2 2 2 2 2 2 2 2 2 2 2 2 2 2 2 2 2 2 2 2 2 2 2 2 2 2 2 2 2 2 2 2 2 2 2 2 2 2 2 2 2 2 2 2 2 2 2 2 2 2 2 2 2 2
Geracao 2: 1408 1406 1382 1310 1210 1170 1160 1141 1141 1141 1141 1141 1141 1141 1141 1141 1141 1141 1141 1141 1141 1141 1141 1128 1096 1081 1081 1081 1081 1081 1081 1081 928 925 909 902 838 811 784 784 740 721 708 675 675 669 662 652 636 577 567 546 517 515 478 431 421 420 389 388 371 363 351 348 299 280 272 269 255 237 229 224 216 214 206 202 196 194 193 181 180 180 178 176 175 159 153 139 139 129 129 127 110 108 95 93 93 88 83 2
Geracao 3: 2713 1608 1570 1556 1552 1528 1446 1443 1437 1436 1427 1410 1326 1291 1287 1251 1191 1176 1164 1143 1141 1109 1081 1081 1081 1081 1081 1081 1081 1080 1070 1033 972 941 936 930 909 906 868 864 854 840 832 777 759 733 659 563 544 535 512 510 505 488 476 409 355 355 347 345 339 323 323 323 307 284 274 264 235 223 215 209 208 200 199 199 197 197 190 190 190 190 190 190 190 190 190 190 190 190 172 172 169 163 160 143 142 142 2 2
Geracao 4: 2713 2174 2164 2148 2113 2097 2085 2077 2035 1995 1943 1943 1922 1876 1868 1859 1849 1819 1809 1750 1695 1673 1656 1608 1570 1535 1535 1522 1514 1514 1513 1458 1329 1309 1252 1241 1168 1147 1076 1013 983 973 901 808 804 795 747 746 714 694 682 663 649 618 581 526 515 467 452 435 417 402 386 371 348 342 323 302 300 271 268 254 244 244 244 239 236 217 192 191 191 191 191 191 191 191 191 191 191 191 191 191 191 172 170 168 146 142 110 106
Geracao 5: 2927 2778 2736 2713 2713 2713 2713 2713 2707 2688 2607 2585 2508 2499 2489 2342 2342 2316 2177 2176 2174 2081 2077 2077 2068 2011 1995 1935 1914 1914 1773 1717 1654 1560 1543 1496 1366 1343 1299 1266 1254 1173 1166 1136 1129 1027 973 926 908 875 872 838 831 810 800 791 775 746 712 689 679 642 579 540 500 496 449 444 424 379 343 336 330 323 297 272 252 251 218 191 191 191 191 191 191 191 191 191 191 190 178 175 169 161 161 161 157 156 139 134
Geracao 6: 2935 2899 2739 2671 2666 2552 2437 2414 2384 2380 2325 2282 2236 2236 2218 2183 2159 2156 2150 2145 2141 2141 2141 2141 2141 2141 2131 2122 2088 2040 2022 2017 2012 2011 1983 1917 1914 1907 1897 1897 1892 1827 1804 1773 1773 1359 1261 1161 1146 1106 1063 1057 1051 1040 986 974 958 944 939 926 884 871 852 815 815 720 680 676 676 665 652 557 532 509 506 477 470 469 469 434 392 392 330 330 314 313 306 277 269 244 244 227 227 227 227 227 221 221 191 191
Geracao 7: 2992 2935 2935 2935 2765 2755 2737 2669 2667 2666 2638 2634 2609 2608 2561 2540 2528 2524 2518 2498 2418 2397 2368 2306 2306 2299 2297 2297 2236 2185 2177 2163 2154 2151 2141 2141 1975 1962 1961 1936 1868 1782 1745 1670 1654 1615 1596 1581 1581 1519 1477 1439 1385 1357 1309 1253 1166 1161 1042 1034 1034 1034 1034 1001 984 984 984 975 960 949 944 872 849 844 818 798 727 710 661 583 581 491 482 466 459 441 423 407 371 304 299 281 275 246 221 221 221 221 221 154
Geracao 8: 3358 3083 2985 2973 2938 2938 2938 2938 2938 2938 2938 2938 2930 2881 2875 2813 2682 2665 2558 2531 2471 2468 2461 2461 2461 2448 2424 2319 2298 2251 2141 2137 2111 2047 2034 2032 2010 1986 1938 1937 1897 1792 1597 1596 1531 1469 1428 1037 1034 1034 1034 1034 1034 1034 997 984 960 914 884 881 880 869 844 803 794 781 750 748 745 743 707 681 665 661 650 644 608 568 549 517 461 461 461 461 459 459 459 445 442 409 339 339 339 284 281 281 254 211 211 205
Geracao 9: 3363 3358 3358 3358 3358 3358 3358 3358 3358 3358 3083 3083 3078 2935 2896 2870 2722 2693 2690 2679 2674 2597 2553 2551 2492 2459 2458 2458 2435 2400 2387 2168 2160 2152 2146 2142 2114 1997 1924 1922 1884 1837 1792 1761 1743 1581 1581 1487 1429 1355 1293 1268 1229 1215 1071 1051 1037 1034 1034 1034 1034 1034 992 960 953 938 913 850 834 775 755 744 735 714 694 662 634 572 564 562 553 549 548 511 497 490 484 480 477 459 439 437 410 408 376 365 320 304 304 244
Geracao 10: 3363 3363 3363 3363 3363 3363 3363 3363 3358 3358 3358 3358 3356 3021 3012 2903 2791 2776 2742 2722 2706 2679 2659 2599 2591 2560 2553 2553 2548 2518 2444 2437 2327 2323 2313 2287 2262 2247 2210 2163 2163 2163 2098 2009 1970 1933 1924 1888 1829 1807 1730 1654 1596 1581 1570 1569 1429 1429 1329 1150 1093 1041 1034 1034 1034 969 958 957 920 916 887 887 887 750 657 637 626 593 587 575 555 555 525 463 463 463 463 463 459 449 440 437 437 429 372 351 351 329 304 244
Geracao 11: 3363 3363 3363 3363 3363 3363 3363 3363 3363 3363 3363 3363 3363 2868 2823 2740 2730 2709 2709 2707 2697 2534 2531 2472 2431 2431 2431 2431 2427 2233 2220 2200 2163 2149 2143 2017 1989 1943 1828 1796 1788 1765 1657 1610 1581 1510 1484 1474 1429 1407 1250 1197 1116 1054 1034 1034 1034 1034 1034 973 960 958 941 915 889 887 883 847 815 811 797 777 627 575 479 475 469 469 469 469 469 465 463 463 463 463 463 463 463 463 463 463 457 456 437 437 414 351 277 218
Geracao 12: 3363 3363 3363 3363 3363 3363 3363 3363 3363 3363 3363 3363 3363 3363 3363 3074 2990 2934 2933 2870 2866 2851 2822 2812 2743 2681 2661 2552 2531 2508 2506 2431 2430 2427 2411 2287 2200 2148 2143 2143 2138 2113 2041 1967 1936 1845 1828 1776 1762 1641 1581 1466 1429 1356 1161 1034 1034 1030 919 916 887 887 870 837 776 696 696 595 593 583 575 504 482 470 469 469 469 469 463 463 463 463 463 463 463 463 463 463 463 463 440 440 437 437 437 371 351 351 351 268
Geracao 13: 3363 3363 3363 3363 3363 3363 3363 3363 3363 3363 3363 3363 3246 3071 3012 2982 2876 2832 2817 2813 2783 2746 2667 2662 2609 2548 2456 2443 2431 2431 2431 2431 2431 2389 2317 2317 2296 2191 2161 2144 2142 2136 2134 2066 2046 1911 1837 1796 1791 1734 1731 1717 1712 1682 1585 1581 1581 1474 1429 1429 1345 1293 1290 1060 1034 1033 960 893 875 869 869 863 855 743 703 645 627 595 521 485 469 469 469 469 466 463 463 463 463 463 463 451 446 440 434 396 351 322 300 229
Geracao 14: 3363 3363 3363 3363 3363 3363 3363 3363 3363 3363 3363 3363 3363 3363 3363 3363 3363 3363 3363 3363 3363 3363 3363 3363 2871 2861 2856 2813 2713 2692 2606 2573 2564 2559 2531 2439 2431 2393 2384 2287 2174 2163 2161 2143 1936 1936 1934 1897 1874 1843 1665 1612 1581 1581 1581 1581 1507 1507 1501 1429 1344 1292 1282 1216 1200 1085 1063 1062 1037 1034 1029 892 887 851 824 811 795 791 745 726 654 647 625 514 486 473 469 467 463 463 463 463 463 437 364 351 351 300 299 181
Geracao 15: 3363 3363 3363 3363 3363 3363 3363 3363 3363 3363 3363 3363 3363 3363 3363 3363 3363 3363 3363 3363 3363 3363 3086 3013 2935 2899 2822 2789 2743 2692 2667 2583 2583 2564 2543 2531 2531 2531 2504 2434 2425 2321 2206 2195 2163 2143 2141 2106 2090 2057 2046 1683 1647 1581 1158 1117 1034 1034 1034 1034 1034 1034 1034 1034 967 960 960 960 882 864 774 745 740 703 700 658 579 575 574 537 497 496 473 463 463 463 463 463 463 463 463 463 463 457 351 340 300 247 244 218
Geracao 16: 3363 3363 3363 3363 3363 3363 3363 3363 3363 3363 3363 3363 3363 3363 3363 3363 3363 3363 3363 3363 3363 3363 3363 2814 2814 2704 2692 2679 2607 2554 2543 2456 2431 2431 2348 2335 2318 2317 2173 2148 2143 2143 2143 1988 1828 1824 1797 1792 1598 1596 1581 1492 1458 1288 1216 1146 1122 1090 1074 1034 1034 1001 983 960 948 944 887 887 848 838 836 805 697 654 647 647 567 522 469 463 463 463 463 457 451 442 440 440 440 437 434 431 354 351 351 333 325 320 282 195
Geracao 17: 3363 3363 3363 3363 3363 3363 3363 3363 3363 3363 3363 3363 3363 3363 3363 3363 3363 3363 3363 3363 3192 3032 2929 2877 2814 2716 2685 2673 2670 2564 2549 2472 2439 2431 2410 2317 2317 2292 2290 2271 2157 2143 2140 2096 1984 1924 1861 1831 1828 1659 1613 1581 1439 1429 1395 1099 1051 1034 1034 1034 1034 960 916 904 902 887 887 876 872 864 792 753 705 703 696 696 673 599 575 549 539 527 492 491 477 475 473 469 469 469 463 463 463 463 440 440 440 431 351 300
Geracao 18: 3363 3363 3363 3363 3363 3363 3363 3363 3363 3363 3363 3363 3363 3363 3363 3363 3363 3363 3363 3092 2998 2981 2956 2878 2872 2814 2715 2686 2679 2673 2662 2650 2591 2575 2574 2551 2547 2531 2531 2467 2423 2353 2272 2150 2143 2141 2116 1936 1899 1882 1862 1817 1795 1779 1761 1625 1579 1480 1380 1172 1097 1034 1034 977 969 887 801 741 739 737 724 647 645 618 615 593 590 572 512 487 484 473 469 463 463 463 463 463 460 437 425 419 405 403 359 343 310 248 247 247
Geracao 19: 3363 3363 3363 3363 3363 3363 3363 3363 3363 3363 3363 3363 3363 3363 3363 3363 3363 3363 3363 3363 3363 3363 2987 2883 2820 2815 2706 2699 2692 2692 2585 2559 2559 2537 2531 2334 2332 2317 2314 2294 2291 2260 2148 2146 2143 2143 2143 2143 2138 2105 1985 1936 1830 1827 1788 1581 1581 1457 1429 1213 1040 1034 1034 1034 1034 1006 927 898 887 887 873 872 831 824 775 774 736 703 695 647 551 534 490 486 484 471 469 463 463 463 463 463 463 463 463 463 440 390 304 218
Geracao 20: 3363 3363 3363 3363 3363 3363 3363 3363 3363 3363 3363 3363 3363 3363 3363 3363 3363 3363 3363 3363 3363 3363 3255 3077 2946 2931 2890 2882 2822 2814 2814 2804 2798 2794 2697 2625 2598 2574 2555 2552 2534 2514 2454 2439 2364 2353 2287 2172 2066 1982 1957 1950 1937 1914 1828 1677 1647 1628 1520 1367 1318 1135 1134 958 926 915 914 887 887 887 873 842 831 762 647 625 486 473 464 463 463 463 463 463 463 463 440 440 440 440 440 437 437 393 354 351 351 349 332 216
Geracao 21: 3363 3363 3363 3363 3363 3363 3363 3363 3363 3363 3363 3363 3363 3363 3363 3363 3363 3363 3363 3363 3363 3363 3363 3363 3363 3363 3363 3363 3363 3363 3363 3363 3363 3363 3012 2992 2871 2866 2865 2832 2814 2729 2707 2702 2688 2679 2539 2531 2530 2521 2324 2291 2286 2280 2188 2152 2150 2143 1980 1743 1716 1656 1581 1535 1504 1213 1187 1034 1034 1029 1020 908 821 611 589 579 575 499 475 475 469 469 469 469 469 463 463 463 463 463 463 463 446 437 437 377 356 351 270 247
Geracao 22: 3363 3363 3363 3363 3363 3363 3363 3363 3363 3363 3363 3363 3363 3363 3363 3363 3363 3363 3363 3363 3363 3363 3363 3363 3363 3218 2866 2848 2838 2822 2814 2786 2703 2627 2604 2565 2562 2553 2484 2431 2398 2317 2301 2284 2194 2184 2152 2148 2121 2076 1943 1823 1813 1769 1607 1596 1595 1429 1428 1427 1423 1102 1034 1034 1034 1034 1034 1034 887 874 812 699 696 686 618 585 574 568 563 520 492 488 484 469 469 469 469 469 463 463 463 463 463 440 440 437 402 375 351 300
Geracao 23: 3363 3363 3363 3363 3363 3363 3363 3363 3363 3363 3363 3363 3363 3363 3363 3363 3363 3363 3363 3363 3363 3363 3217 2885 2838 2822 2802 2725 2717 2699 2696 2664 2657 2656 2639 2599 2572 2431 2292 2290 2285 2201 2147 2142 2142 2136 2097 2024 1963 1942 1917 1905 1786 1781 1778 1710 1668 1596 1581 1268 1238 1034 1034 1034 1034 1034 1034 1034 1019 922 893 887 887 887 813 699 647 647 644 581 579 559 488 481 479 469 463 463 463 463 463 463 463 463 441 440 367 351 351 351
Geracao 24: 3363 3363 3363 3363 3363 3363 3363 3363 3363 3363 3363 3363 3363 3363 3363 3363 3363 3363 3363 3363 3363 3363 3363 3363 3363 3363 3363 3363 3363 3363 2933 2879 2713 2711 2708 2699 2689 2607 2569 2551 2547 2531 2502 2427 2425 2425 2318 2289 2143 1987 1936 1859 1828 1596 1596 1511 1297 1231 1223 1132 1034 1034 1034 1034 1034 954 915 887 883 802 738 726 706 693 647 646 582 575 512 503 481 469 469 469 469 463 463 463 463 460 440 437 437 437 427 414 410 405 356 326
Geracao 25: 3363 3363 3363 3363 3363 3363 3363 3363 3363 3363 3363 3363 3363 3363 3363 3363 3363 3363 3363 3363 3363 3363 3363 3363 3230 2930 2903 2901 2847 2814 2814 2814 2708 2692 2687 2659 2559 2444 2410 2373 2307 2306 2292 2232 2224 2178 2176 2163 2155 2143 2064 2000 1936 1814 1802 1751 1647 1581 1581 1334 1223 1213 1213 1036 1034 1034 1034 1034 1034 1034 1034 980 887 887 883 855 772 698 696 646 625 593 590 585 579 578 572 493 469 463 463 463 463 463 440 435 351 351 351 351
Geracao 26: 3363 3363 3363 3363 3363 3363 3363 3363 3363 3363 3363 3363 3363 3363 3363 3363 3363 3363 3363 3363 3363 3363 3363 3363 3363 3363 3363 3363 3363 3363 3363 3363 3363 3363 3363 3363 3363 2985 2950 2915 2841 2814 2814 2809 2750 2723 2686 2628 2568 2549 2465 2370 2317 2292 2289 2262 2178 2137 2082 2050 1936 1936 1932 1647 1466 1429 1369 1318 1222 1034 1034 1034 1034 1034 988 914 913 887 818 742 737 716 672 575 563 555 531 478 469 463 463 463 440 440 440 437 396 366 260 248
Geracao 27: 3363 3363 3363 3363 3363 3363 3363 3363 3363 3363 3363 3363 3363 3363 3363 3363 3363 3363 3363 3363 3363 3363 3363 3363 3363 3363 3363 3363 3363 3363 3363 3363 3363 3363 3363 3363 3363 2903 2871 2869 2865 2856 2822 2692 2665 2550 2546 2531 2530 2471 2431 2431 2421 2420 2325 2187 2172 2164 2143 2142 2048 1953 1936 1685 1619 1604 1604 1581 1191 1034 1034 1034 1034 1034 914 887 741 737 699 697 592 567 567 514 486 473 469 463 463 463 463 463 463 451 440 437 437 437 351 351
Geracao 28: 3394 3363 3363 3363 3363 3363 3363 3363 3363 3363 3363 3363 3363 3363 3363 3363 3363 3363 3363 3363 3363 3363 3363 3363 3363 3363 3363 3363 3363 3363 3363 3363 3363 3363 3363 3328 2945 2934 2883 2866 2734 2714 2699 2659 2567 2531 2531 2459 2450 2450 2427 2360 2280 2233 2190 2145 2143 1935 1838 1768 1747 1647 1647 1581 1581 1581 1476 1429 1224 1150 1034 1034 960 960 958 901 893 812 745 737 700 651 613 583 563 508 506 474 469 463 463 463 440 439 438 437 437 437 351 351
Geracao 29: 3363 3363 3363 3017 2903 2897 2871 2814 2806 2804 2786 2729 2717 2708 2708 2708 2708 2708 2708 2708 2708 2708 2708 2708 2708 2708 2708 2708 2708 2708 2708 2708 2708 2708 2708 2708 2708 2708 2708 2696 2687 2672 2608 2599 2573 2564 2560 2502 2297 2232 2143 2141 2140 2122 2050 1959 1935 1893 1892 1883 1878 1805 1774 1688 1420 1420 1419 1034 1034 1034 1034 1034 1029 1009 1006 908 867 852 822 819 791 791 705 647 647 647 593 575 499 476 476 463 463 463 463 463 440 430 364 351
Geracao 30: 3363 3363 3363 3363 3363 3363 3363 3363 3363 3363 3363 3363 3363 3363 3363 3363 3363 3363 3363 3363 3363 3363 3363 3363 3363 3363 3363 3363 3363 3363 3363 3321 2917 2883 2868 2715 2703 2650 2552 2550 2543 2451 2425 2366 2351 2143 2143 2087 2033 1963 1923 1890 1878 1844 1841 1840 1797 1792 1676 1647 1647 1633 1581 1440 1343 1262 1213 1186 1170 1155 1034 1034 1034 1011 966 960 960 916 914 887 866 831 802 794 742 705 673 655 627 563 500 488 463 444 440 440 437 351 299 287
Geracao 31: 3363 3363 3363 3363 3363 3363 3363 3363 3363 3363 3363 3363 3363 3363 3363 3363 3363 3363 3363 3363 3363 3363 3363 3363 3363 3363 3363 3363 3363 3363 3363 3363 3363 3363 3361 3240 3235 3186 3006 2931 2908 2908 2708 2686 2679 2576 2563 2562 2559 2544 2543 2531 2531 2307 2301 2147 2143 2143 2107 2091 2054 1651 1633 1632 1581 1581 1429 1296 1286 1236 1224 1056 1051 1051 1034 1034 1030 1022 887 736 699 647 575 473 469 469 469 469 463 463 463 463 463 463 463 463 459 351 329 292
Geracao 32: 3363 3363 3363 3363 3363 3363 3363 3363 3363 3363 3363 3363 3363 3363 3363 3363 3363 3363 3363 3363 3363 3363 3363 3363 3363 2992 2942 2886 2868 2716 2667 2597 2595 2574 2564 2555 2531 2490 2421 2369 2326 2300 2289 2251 2233 2143 2143 2088 2082 1963 1805 1786 1649 1611 1595 1581 1581 1581 1464 1249 1195 1152 1102 1054 1034 1034 1034 1034 1034 1034 1019 1017 969 960 894 887 887 845 834 797 699 696 650 590 579 555 534 469 469 463 463 463 463 437 418 412 351 351 351 294
Geracao 33: 3363 3363 3363 3363 3363 3363 3363 3363 3363 3363 3363 3363 3363 3363 3363 3363 3363 3363 3363 3363 3363 3363 3363 3363 3363 3363 3363 3363 3363 3363 3239 3020 2948 2932 2931 2880 2822 2801 2714 2706 2677 2628 2617 2583 2566 2531 2526 2514 2431 2431 2411 2324 2298 2217 2117 2070 2020 2012 1977 1922 1905 1823 1746 1742 1581 1222 1214 1034 1034 1034 940 878 796 741 718 696 670 653 585 575 522 514 504 503 469 469 469 463 463 463 463 463 463 448 448 437 437 399 382 351
Geracao 34: 3363 3363 3363 3363 3363 3363 3363 3363 3363 3363 3363 3363 3363 3363 3363 3363 3363 3363 3363 3363 3363 3363 3363 3363 3363 3363 3363 3363 3223 2976 2831 2816 2814 2814 2814 2813 2792 2714 2706 2706 2699 2662 2581 2570 2531 2531 2531 2531 2531 2335 2307 2257 2059 1987 1936 1924 1774 1662 1652 1581 1581 1572 1363 1213 1125 1109 1043 1034 1034 1034 1034 1024 956 930 913 842 815 796 703 649 647 632 626 579 486 475 469 469 469 463 463 463 463 463 463 463 444 437 351 351
Geracao 35: 3363 3363 3363 3363 3363 3363 3363 3363 3363 3363 3363 3363 3363 3363 3363 3363 3363 3363 3363 3363 3363 3363 3363 3363 3363 3363 3363 3363 3363 3363 3363 3363 3363 3287 2933 2822 2820 2819 2562 2559 2555 2531 2531 2531 2502 2501 2464 2387 2384 2310 2303 2291 2287 2274 2164 2106 2061 2047 1988 1963 1936 1876 1809 1795 1789 1767 1748 1674 1623 1596 1595 1543 1429 1344 1189 1043 1034 960 915 827 706 651 595 469 463 463 463 463 463 463 440 440 440 437 395 391 351 351 351 351
Geracao 36: 2941 2681 2662 2494 2493 2490 2490 2490 2490 2490 2490 2490 2490 2490 2490 2490 2490 2490 2490 2490 2490 2490 2490 2490 2490 2490 2490 2490 2490 2490 2490 2490 2490 2490 2490 2490 2490 2490 2490 2490 2355 2348 2346 2299 2299 2228 2187 2173 2167 2062 2022 2012 2012 1959 1885 1879 1716 1581 1429 1388 1373 1154 1146 1019 1019 1019 1019 904 882 799 780 735 646 640 587 575 489 475 474 469 469 467 463 463 463 463 463 463 463 463 459 457 456 451 434 431 423 375 373 356
Geracao 37: 3250 3198 3101 3095 3085 3048 2980 2941 2941 2941 2941 2941 2941 2941 2941 2941 2941 2941 2941 2941 2941 2941 2941 2941 2941 2941 2941 2821 2788 2701 2579 2569 2562 2562 2562 2562 2562 2562 2502 2502 2429 2429 2429 2411 2393 2391 2382 2335 2331 2318 2286 2230 2214 2200 2180 2178 2109 2020 1959 1959 1948 1929 1896 1896 1858 1775 1671 1649 1214 939 939 939 902 821 684 636 619 589 579 541 488 488 456 445 405 405 405 396 387 380 377 344 244 244 244 221 216 184 181 181
Geracao 38: 3250 3250 3250 3250 3250 3250 3250 3250 3250 3250 3250 3250 3250 3250 3250 3250 3250 3250 3250 3250 3250 3250 3250 3250 3250 2980 2808 2769 2719 2710 2701 2666 2663 2663 2663 2663 2663 2662 2560 2538 2470 2449 2447 2369 2309 2271 2194 2174 2120 2101 2016 1958 1896 1886 1886 1872 1796 1795 1759 1682 1682 1682 1682 1682 1659 1621 1557 1515 1376 1260 1259 1043 940 939 939 939 895 831 815 774 735 731 625 618 569 551 439 416 404 373 335 323 322 318 289 269 266 226 225 225
Geracao 39: 3250 3250 3250 3250 3250 3250 3250 3250 3250 3250 3250 3250 3250 3250 3250 3250 3250 3250 3250 3250 3250 3250 3250 3250 3250 3250 3250 3250 3250 3250 3211 3103 3031 2941 2941 2941 2928 2926 2886 2756 2747 2727 2662 2565 2563 2545 2537 2487 2470 2429 2417 2403 2370 2362 2362 2281 2274 2243 2239 2013 1992 1930 1886 1794 1761 1682 1659 1659 1659 1492 1281 1099 940 939 939 939 817 773 763 729 721 667 654 544 541 539 508 415 405 405 400 331 274 265 259 230 225 225 225 216
Geracao 40: 3257 3250 3250 3250 3250 3250 3250 3250 3250 3250 3250 3250 3250 3250 3250 3250 3250 3250 3250 3250 3250 3250 3250 3250 3250 3250 3250 3250 3250 3250 3107 3094 2941 2940 2892 2729 2662 2662 2636 2618 2563 2557 2482 2465 2449 2390 2339 2294 2282 2282 2190 2170 2073 2017 2014 1886 1682 1659 1627 1589 1587 1501 1486 1339 1126 1093 972 940 939 939 896 895 895 856 854 810 679 662 615 612 546 543 542 540 412 404 404 397 397 392 312 303 265 250 225 225 225 225 225 225
Geracao 41: 3257 3257 3257 3257 3257 3257 3257 3257 3257 3257 3257 3257 3257 3257 3257 3257 3257 3257 3257 3250 3250 3250 3250 3250 3250 3250 3250 3250 3250 3250 3250 3250 3250 3250 3250 3214 3087 2860 2850 2731 2642 2563 2459 2449 2439 2439 2429 2423 2339 2332 2296 2290 2286 2259 2047 1999 1960 1951 1896 1886 1776 1682 1613 1539 1354 1343 1025 985 939 830 784 710 685 652 624 547 541 541 471 435 403 401 392 353 335 327 296 288 254 230 225 225 225 225 219 213 213 206 197 197
Geracao 42: 3257 3257 3257 3257 3257 3257 3257 3257 3257 3257 3257 3257 3257 3257 3257 3257 3257 3257 3257 3257 3257 3257 3257 3255 3084 3048 2969 2940 2875 2811 2734 2692 2638 2625 2571 2545 2543 2479 2472 2442 2439 2439 2407 2380 2262 2220 2121 2120 2120 2066 2054 1977 1943 1891 1784 1712 1682 1659 1659 1499 1411 1387 1323 1306 943 939 939 919 895 895 853 850 839 826 749 705 673 637 589 549 541 509 401 401 401 395 353 340 313 295 270 248 244 217 213 213 213 213 183 183
Geracao 43: 3257 3257 3257 3257 3257 3257 3257 3257 3257 3257 3257 3257 3257 3257 3257 3257 3257 3257 3257 3257 3257 3257 3257 3257 3257 3243 3099 3087 3048 3048 3048 2947 2786 2663 2652 2608 2594 2580 2560 2554 2522 2365 2314 2292 2291 2220 2144 2134 1891 1886 1865 1850 1836 1807 1786 1776 1742 1738 1723 1665 1659 1659 1621 1364 1317 1149 1128 1104 1002 975 939 939 939 939 939 939 907 849 754 729 709 690 632 603 541 541 484 458 412 401 373 352 338 264 259 237 231 225 197 197
Geracao 44: 3257 3257 3257 3257 3257 3257 3257 3257 3257 3257 3257 3257 3257 3257 3257 3257 3257 3257 3257 3257 3257 3257 3257 3257 3257 3257 3257 3257 3257 3202 3118 3094 3094 3094 2894 2848 2755 2700 2680 2625 2607 2445 2435 2289 2286 2250 2233 2220 2198 2148 2120 2120 2111 2014 1940 1930 1853 1838 1726 1710 1682 1659 1570 1518 1420 1223 1151 1069 956 939 851 832 806 640 580 577 556 541 517 498 473 464 446 445 434 407 401 388 383 344 291 260 231 217 213 201 197 197 197 197
Geracao 45: 3257 3257 3257 3257 3257 3257 3257 3257 3257 3257 3257 3257 3257 3257 3257 3257 3257 3257 3257 3257 3257 3257 3257 3257 3257 3257 3257 3257 3257 3257 3107 3106 3106 3048 3048 2844 2718 2684 2654 2631 2604 2487 2425 2419 2350 2292 2254 2223 2220 2220 2220 2220 2211 2157 1974 1909 1900 1896 1896 1885 1819 1796 1775 1718 1682 1659 1629 1611 1276 1110 973 940 939 895 869 854 853 791 790 733 727 684 569 546 487 482 466 449 440 401 401 401 389 387 379 303 225 225 213 189
Geracao 46: 3392 3257 3257 3257 3257 3257 3257 3257 3257 3257 3257 3257 3257 3257 3257 3257 3257 3257 3257 3257 3257 3106 3106 3094 3088 2950 2860 2781 2711 2683 2587 2579 2472 2425 2421 2409 2406 2366 2344 2333 2284 2273 2216 2120 2119 2019 2013 1994 1948 1896 1896 1877 1828 1659 1659 1565 1560 1551 1357 1063 939 904 896 864 838 813 704 680 656 620 615 588 588 564 542 505 490 478 439 417 411 403 401 401 401 401 397 390 390 370 321 312 309 264 260 249 213 211 206 197
Geracao 47: 3248 3092 2944 2920 2920 2907 2880 2880 2880 2880 2880 2880 2880 2880 2880 2880 2880 2880 2880 2880 2880 2880 2880 2880 2880 2880 2876 2871 2849 2812 2746 2713 2663 2623 2621 2607 2595 2576 2570 2567 2567 2433 2415 2399 2378 2299 2298 2296 2277 2198 2193 2154 2067 1947 1946 1721 1682 1682 1659 1585 1475 1460 1357 1087 1030 1013 949 944 944 941 940 939 939 926 887 791 777 737 731 731 718 712 705 689 652 641 641 635 625 607 606 559 541 523 515 515 481 430 381 366
Geracao 48: 3248 3248 3248 3248 3248 3248 3248 3248 3248 3248 3248 3248 3248 3248 3092 3092 3092 3092 3092 3092 3092 3092 3092 2913 2911 2839 2777 2729 2698 2664 2626 2604 2586 2586 2580 2577 2574 2551 2543 2532 2523 2464 2460 2456 2454 2446 2412 2391 2293 2293 2290 2290 2288 2279 2245 2202 2163 2151 2138 2103 1996 1968 1896 1872 1842 1823 1764 1659 1490 1355 1222 1165 1141 1018 972 944 944 940 939 939 808 782 732 674 605 583 576 574 560 504 423 370 369 369 369 355 353 339 319 202
Geracao 49: 3248 3248 3248 3248 3248 3248 3248 3248 3248 3248 3248 3248 3248 3248 3248 3248 3248 3248 3248 3248 3248 3248 3248 2722 2694 2684 2681 2663 2571 2567 2545 2538 2533 2469 2448 2436 2423 2417 2394 2370 2296 2289 2286 2285 2274 2217 2209 2162 2161 2144 2124 2116 2115 2088 2036 2012 2011 1876 1840 1797 1703 1621 1441 1307 1287 1227 1095 1091 1023 967 957 939 939 939 746 746 742 716 676 662 645 636 623 605 556 556 553 518 512 435 434 407 370 369 369 369 369 369 202 202
Geracao 50: 3257 3257 3248 3248 3248 3248 3248 3248 3248 3248 3248 3248 3248 3248 3248 3248 3248 3248 3248 3248 3248 3248 3248 3248 3248 3248 3087 3086 2913 2913 2880 2658 2637 2587 2582 2572 2571 2571 2550 2544 2542 2537 2489 2436 2436 2420 2400 2291 2287 2283 2279 2279 2265 2189 2173 2137 2124 2103 2069 1896 1885 1793 1706 1659 1659 1592 1467 1353 1136 1083 1069 1000 944 944 944 939 939 936 894 851 839 785 762 746 739 650 645 642 634 595 586 566 538 536 468 401 367 311 202 202
Geracao 51: 3265 3257 3257 3257 3257 3257 3257 3257 3257 3257 3257 3257 3257 3257 3257 3257 3257 3257 3257 3257 3257 3257 3257 3257 3257 3257 3257 3257 3257 3257 3257 3250 3246 3212 3101 3094 3094 3087 2938 2855 2795 2701 2642 2530 2529 2508 2502 2496 2439 2439 2426 2418 2398 2331 2286 2226 2220 2189 2050 2036 1852 1776 1357 1163 1063 939 935 876 857 839 838 835 830 813 779 764 729 668 566 565 541 541 441 437 411 401 384 381 362 345 321 309 297 254 252 228 225 213 206 197
Geracao 52: 3272 3265 3265 3265 3265 3265 3265 3265 3265 3265 3265 3265 3265 3265 3265 3265 3265 3265 3265 3265 3116 2972 2965 2965 2875 2855 2841 2841 2759 2736 2708 2704 2702 2694 2621 2615 2572 2569 2455 2446 2443 2431 2429 2418 2312 2280 2279 2278 2223 2197 2147 2112 2109 2098 1979 1895 1821 1783 1751 1719 1658 1419 1419 1369 1265 1172 1101 992 989 939 939 939 939 915 893 815 676 675 628 581 521 491 480 456 415 393 381 353 327 311 273 229 225 225 218 213 212 205 205 162
Geracao 53: 3272 3272 3272 3272 3272 3272 3272 3272 3272 3272 3272 3272 3272 3272 3265 3265 3265 3265 3265 3265 3265 3257 2965 2964 2855 2841 2841 2763 2750 2708 2696 2694 2694 2685 2637 2571 2553 2444 2439 2427 2381 2300 2285 2223 2219 2164 2162 2149 2141 2117 2112 2112 2111 2064 1949 1888 1822 1706 1610 1610 1537 1412 1064 939 939 896 895 895 883 850 775 725 723 646 644 628 628 628 625 586 583 541 530 500 479 473 461 456 417 400 387 351 341 315 311 266 262 242 224 207
Geracao 54: 3272 3272 3272 3272 3272 3272 3272 3272 3272 3272 3272 3272 3272 3272 3272 3272 3272 3272 3272 3100 2964 2917 2912 2841 2750 2750 2750 2750 2750 2624 2604 2553 2476 2426 2420 2413 2279 2274 2229 2195 2112 2112 2112 2112 2112 2111 2108 2082 2019 1948 1947 1857 1792 1786 1740 1704 1604 1287 1268 1120 1071 1043 1018 939 939 939 938 916 855 843 834 812 763 758 687 666 640 596 570 530 500 488 471 465 423 415 401 400 400 372 362 362 358 356 304 303 284 232 230 230
Geracao 55: 3273 3272 3272 3272 3272 3272 3272 3272 3272 3272 3272 3272 3272 3272 3272 3272 3272 3272 3272 3272 3272 3272 3272 3272 3272 3272 3272 3272 3272 3272 3272 3272 3272 3272 3272 3265 2970 2970 2964 2964 2950 2891 2875 2791 2750 2750 2735 2581 2571 2439 2439 2414 2349 2343 2342 2311 2300 2229 2212 2197 2151 2117 2112 2111 2111 2015 1994 1961 1930 1919 1917 1872 1014 958 854 851 810 782 756 677 628 628 552 534 530 530 467 440 401 400 400 347 292 288 286 274 249 245 235 202
Geracao 56: 3095 2993 2935 2911 2891 2891 2891 2891 2891 2891 2854 2731 2709 2696 2696 2655 2619 2615 2589 2558 2516 2468 2413 2411 2405 2388 2358 2322 2274 2245 2235 2114 2112 2112 2112 2112 2112 2112 2112 2112 2112 2112 2112 2112 2112 2112 2112 2112 2112 2112 2112 2112 2112 2112 2111 2065 2048 1796 1792 1688 1688 1540 1419 1327 1158 1068 1065 1014 939 895 862 853 834 808 765 681 652 628 590 540 531 530 474 465 463 443 414 394 394 389 360 349 342 290 259 195 190 184 179 173
Geracao 57: 3095 3095 3095 3095 3095 3095 3095 3095 3095 3095 3095 3095 3095 3094 3048 3041 3015 2927 2883 2816 2763 2666 2636 2621 2612 2612 2605 2564 2555 2533 2512 2474 2470 2360 2344 2301 2301 2270 2232 2190 2112 2112 2073 2026 2025 1996 1951 1921 1914 1913 1897 1872 1825 1822 1816 1812 1797 1787 1787 1781 1663 1656 1608 1585 1313 1208 1152 1000 973 901 885 628 618 610 595 579 579 576 568 549 545 530 520 515 506 499 455 445 441 383 346 333 297 296 296 238 205 196 196 179
Geracao 58: 3095 3095 3095 3095 3095 3095 3095 3095 3095 3095 3095 3095 3095 3095 3095 3095 3095 2927 2923 2914 2867 2785 2680 2671 2621 2605 2600 2495 2491 2373 2361 2354 2346 2330 2322 2321 2312 2280 2270 2264 2259 2257 2245 2243 2234 2220 2203 2105 2073 2073 2010 1921 1921 1921 1921 1868 1868 1863 1863 1777 1744 1690 1663 1471 1437 1318 1199 1199 1190 1057 1057 967 913 888 837 805 788 764 716 675 631 620 612 608 595 595 579 579 579 528 519 519 451 412 391 348 312 279 255 250
Geracao 59: 4951 3609 3095 3095 3095 3095 3095 3095 3095 3095 3095 3095 3095 3095 3095 3095 3095 3095 3095 3095 3095 3095 3095 3095 3095 3095 3095 3095 3095 3094 3094 3042 2783 2767 2639 2623 2621 2612 2568 2522 2508 2447 2441 2422 2416 2400 2392 2357 2321 2317 2297 2246 2245 2233 2112 2112 2112 2111 2026 2001 1951 1880 1868 1863 1744 1663 1621 1452 1405 1336 1316 1057 1044 1002 967 962 884 831 793 777 691 643 632 608 608 596 595 595 553 483 460 436 425 415 407 393 384 377 377 238
Geracao 60: 5758 5758 5690 5428 5276 5165 5044 5025 5025 4951 4951 4951 4951 4951 4951 4951 4951 4951 4951 4951 4951 4951 4691 4610 4142 4118 4053 4053 3920 3920 3829 3829 3829 3829 3829 3829 3829 3818 3744 3702 3609 3558 3558 3558 3558 3528 3505 3106 3095 3095 3095 3095 3095 3051 2962 2831 2525 2498 2493 2447 2440 2440 2440 2410 2410 2186 2186 2186 2186 2137 2036 2005 2005 1991 1989 1901 1732 1636 1425 1329 1203 1101 1009 988 771 718 718 664 651 629 628 608 595 594 524 506 443 441 436 436
Geracao 61: 6448 6048 5935 5812 5758 5758 5758 5758 5758 5758 5758 5758 5758 5758 5758 5758 5758 5758 5758 5758 5758 5758 5758 5758 5758 5758 5758 5630 5509 5395 5389 5329 5276 5157 5030 5025 5025 4901 4901 4785 4610 4610 4610 4610 4610 4487 4487 4358 4356 4356 4356 4118 4057 4057 3922 3611 3609 3609 3609 3609 3478 3162 3095 3095 3095 3095 2859 2600 2452 2355 2355 2255 2242 2199 2146 2146 2005 2005 2005 2005 2005 1879 1798 1571 1252 1252 1252 1252 1252 1252 1252 1252 1252 1081 792 771 771 771 771 595
Geracao 62: 6213 5935 5623 5445 5441 5441 5395 5329 5329 5279 5279 5279 5279 5279 5279 5276 5276 5276 5133 5025 5025 5025 4901 4901 4901 4901 4901 4901 4785 4785 4785 4785 4785 4785 4785 4785 4785 4785 4785 4785 4785 4785 4785 4785 4785 4785 4610 4487 4487 4487 4487 4294 4229 4118 4118 4053 4053 3922 3922 3736 3736 3611 3609 3609 3478 3478 3344 3162 2831 2695 2493 2399 2355 2291 2268 2005 2005 1920 1892 1790 1790 1762 1710 1710 1341 1252 1252 1252 1252 1252 1252 1252 1252 1174 966 771 667 379 357 309
Geracao 63: 26451 21524 14768 6745 6386 6335 6334 6213 6213 6213 6213 6213 6213 6212 5758 5690 5563 5445 5276 5157 5025 4901 4785 4785 4785 4785 4785 4785 4785 4610 4610 4487 4487 4487 4229 4180 4118 4053 4053 4053 4053 3922 3794 3736 3736 3736 3609 3478 3355 3291 3291 3167 3162 3162 3020 3010 3010 2897 2831 2695 2695 2695 2493 2493 2355 2355 2355 2355 1975 1892 1892 1865 1790 1777 1710 1588 1571 1571 1405 1341 1252 1252 1252 1252 1252 1252 1252 1252 1252 1252 1252 1252 1252 1252 1252 1009 911 728 432 357
Geracao 64: 40220 39055 35539 32071 31941 31724 31565 31504 31504 30951 30561 30135 29841 29693 29066 28350 26451 26451 26451 26451 26451 26451 26451 26451 26451 26451 26451 26451 26451 26451 26451 26451 26451 26451 26451 26451 26451 26451 26451 26451 26451 26451 26451 26451 26451 26451 26451 26451 24880 24051 22677 21524 21524 21524 21524 21524 21524 21524 21524 19943 6588 6097 5935 5935 5766 5678 5605 5509 5502 5502 5502 5441 5395 5212 5174 5160 5099 5025 5025 4920 4901 4785 4785 4717 4617 4610 4610 4487 4118 3736 2695 2695 2355 1948 1252 1252 1252 1172 1158 871
Geracao 65: 45903 40220 40220 40220 40220 40220 40220 40220 40220 40220 40220 40220 40220 40220 40220 40220 40220 40220 40220 40220 40220 40220 40220 40220 40220 40220 40220 40220 40220 40220 40220 40220 40014 40014 39055 39055 39055 33450 32720 32407 30949 29199 28712 28712 28712 28712 28712 28712 28712 28712 28712 28712 28331 28130 26451 26451 26451 26451 26451 26451 26451 26451 26451 26451 26451 26451 26451 26451 26451 26451 26451 26451 26451 22362 22159 21916 16804 15961 14126 9508 5690 5605 5502 5395 5276 5276 5063 5063 5032 4980 4954 4654 4044 4044 3945 3736 2628 2044 1294 1205
Geracao 66: 46818 45903 45903 45903 45903 45903 45903 45903 45903 45903 45903 45903 45903 45903 45903 45903 45903 45903 45903 41293 41293 39919 39055 39055 39055 39055 39055 39055 39055 39055 38452 37330 37330 37330 37330 37330 37330 37330 37330 36144 36060 36060 33692 33532 31471 30708 30708 30215 28712 28712 28712 27513 26451 26451 26451 26451 25513 24775 24775 24775 24775 24775 24775 23635 21756 19331 17412 15810 11542 8670 5780 5313 5279 4948 4843 4738 4615 4610 4114 4044 3606 2787 2493 2409 2366 2359 2326 2266 2179 2179 2179 2152 2054 2049 2025 1691 1571 645 617 586
Geracao 67: 49189 46818 46818 46818 46818 46818 46818 46818 46818 46818 46818 46818 46818 46818 46818 46818 46818 46818 46818 46818 46818 46818 46818 46818 46818 46818 46818 46818 46818 46818 46818 45903 45903 45903 45903 45903 45903 45903 45903 45903 45903 45903 45903 45903 45903 45903 45903 45903 45903 45903 45903 45903 45903 44851 41293 41293 38849 36612 29781 29781 29781 29144 27112 26667 26397 24971 22922 22696 17980 15674 5381 5022 4869 4262 4114 4114 3727 3619 3619 3343 2179 2179 1718 1718 1542 1477 1167 1167 1167 1167 1167 989 981 977 977 977 732 732 716 586
Geracao 68: 49189 49189 49189 49189 49189 49189 49189 49189 49189 49189 49189 49189 49189 49189 49189 49189 49189 49189 49189 49189 49189 49189 49189 49189 49189 49189 49189 49189 49189 49189 49189 49189 49189 49189 49189 49189 46818 46818 46818 46818 46818 46818 46818 46818 46818 46818 46818 46818 46818 46818 46818 46818 46818 46818 46818 46818 46818 46818 46818 37469 33102 31898 31898 31771 29781 27055 22159 21235 14942 7093 6160 4753 4469 3884 3619 3619 3613 2619 2326 2326 2179 2179 1547 1317 1167 1167 1167 1167 1095 995 977 977 833 762 753 743 732 732 732 240
Geracao 69: 49189 49189 49189 49189 49189 49189 49189 49189 49189 49189 49189 49189 49189 49189 49189 49189 49189 49189 49189 49189 49189 49189 49189 49189 49189 49189 49189 49189 49189 49189 49189 49189 49189 49189 49189 49189 49189 49189 49189 49189 49189 49189 49189 49189 49189 49189 49189 49189 49189 46818 46818 46818 46818 46818 46818 46818 46818 46818 46818 46818 46818 46818 46818 46818 41425 41361 38783 36344 36344 33626 33231 32431 30049 29910 29781 29781 29781 29644 28677 27513 27112 22839 18926 17894 5507 3884 3884 3619 2612 2179 1983 1877 1167 1167 822 762 762 714 707 707
Geracao 70: 49189 49189 49189 49189 49189 49189 49189 49189 49189 49189 49189 49189 49189 49189 49189 49189 49189 49189 49189 49189 49189 49189 49189 49189 49189 49189 49189 49189 49189 49189 49189 49189 49189 49189 49189 49189 49189 49189 49189 49189 49189 49189 49189 49189 49189 49189 49189 49189 49189 49189 49189 49189 49189 49189 49189 49189 49189 46818 46818 46818 46818 46818 46818 46818 46818 46818 46818 31836 31509 29781 29781 29781 29781 29781 25108 24971 24844 24349 20006 19874 16931 3326 2897 2179 1718 1718 1542 1542 1167 1167 1167 1167 1167 1167 1108 1095 805 604 586 585
Geracao 71: 60826 49189 49189 49189 49189 49189 49189 49189 49189 49189 49189 49189 49189 49189 49189 49189 49189 49189 49189 49189 49189 49189 49189 49189 49189 49189 49189 49189 49189 49189 49189 49189 49189 49189 49189 49189 49189 49189 49189 49189 49189 49189 49189 49189 49189 49189 49189 49189 49189 49189 49189 49189 49189 49189 46818 46818 46818 46818 46818 46818 46818 46818 46818 46818 46818 39447 34214 33632 30176 30176 29781 29781 29781 27913 26712 18829 17379 14622 11573 10747 4710 2897 2326 1634 1634 1558 1520 1167 1153 727 586 586 586 586 586 586 586 543 506 464
Geracao 72: 217469 175627 171659 159590 155471 148267 144144 142219 137067 129473 129335 127024 121861 117352 112574 112574 112574 112574 112574 112574 112574 112574 112574 112574 112574 112574 112574 112574 112574 112574 107796 91114 89680 78662 65652 61744 60826 60826 60826 60826 60826 60826 60826 60826 60826 60826 60826 60826 60826 60826 60826 60826 60826 60826 60826 60826 60826 60304 55207 49865 46818 46818 46818 46818 46818 35357 35357 35357 35357 35357 35357 35357 33626 31775 31621 28982 28982 28982 28982 28982 24844 24844 24844 24844 24844 24844 24844 24844 24844 24844 14039 6934 3659 1171 1171 1167 1095 1095 808 732
Geracao 73: 217469 217469 217469 217469 217469 217469 217469 217469 217469 217469 217469 217469 217469 217469 217469 217469 217469 217469 217469 217469 217469 217469 217469 217469 217469 209141 204898 198874 187712 176803 163569 162161 162161 162161 162161 162161 161640 156760 155471 154995 154561 148910 144923 144027 144027 142345 142345 142345 132137 120317 120061 118505 117349 112574 112574 112574 112445 107796 102362 60826 60826 60826 60826 60826 60826 60826 48953 48398 35357 34784 33637 33637 33637 33637 33465 28982 24844 24844 24844 24844 24844 24844 16486 16486 16486 15674 6439 1095 1095 760 759 732 732 732 732 732 732 693 586 444
Geracao 74: 217469 217469 217469 217469 217469 217469 217469 217469 217469 217469 217469 217469 217469 217469 217469 217469 217469 217469 217469 217469 217469 217469 217469 217469 217469 217469 217469 217469 217469 217469 217469 215027 215027 199263 189898 188738 173208 171530 165632 164857 161388 154995 154995 154995 154561 154561 148910 144147 144027 144027 142345 142345 142345 142345 141579 136171 117352 112574 108570 108315 103009 101721 78662 76712 62914 38787 38787 38787 36685 36065 34875 33637 33637 33637 33637 33637 33637 33637 24844 24844 24844 24844 24525 24525 24439 23769 16486 16486 16486 16486 16486 16486 5455 2897 586 586 586 586 586 586